256703852178
256779070376
256789502956
256756970245
256774643854
256785237588
256770480998
256706313473
256759004589
256778812913
256784427602
256751309031
256707553228
256785202419
256771588694
256786723020
256755551769
256776214909
256773647857
256759969135
256770786924
256706652170
256783582827
256785028810
256771649943
256741138566
256789729660
256788657027
256706074191
256781563248
256702572854
256751042014
256706161016
256782259865
256782732939
256777170465
256706163692
256704156821
256701886535
256782003419
256773575743
256756222470
256758301169
256788460724
256771163620
256702069660
256707367777
256783144545
256700564231
256704408067
